400580890918
560298010059
2100100062880
4603739679682
467008494871
2000458016552
290005430602
3713720411151
3660005074443
9339238000461
5900527024210
501141756708
4680008147813
290013268242
8694068180747
4620018870134
4607013677845
4607017946428
8718951416284
8682214703384
4600905003043
4606224236599
2010001959410
8691685022177
2100100204235
8691226606897
8692900444019
4605319016573
8695077010018
2010001606482
4620020873277
8690637938320
4627197810272
2010001959410
5000204115284
8690504209799
8690637895210
3474636977048
7332543658916
8690673008070
2100100353520
8699118048428
8690673008070
869507704339
869507704339
869507704339
869507704339
8695077043394
8695077002525
8695077086037
871410079415
8714100794159
3337875708265
3337875708265
5000204070668
9000101529777
4015100291193
4603757310949
8801173901796
5059018003898
4607160305370
1610000522908
2014259392005
4015100009538
8006540334096
4620009264218
8006540092583
4665270894009
5050136900137
4607160342559
4602159018804
4660077772383
9000101422122
3600523586356
4600171530786
4604049104345
4640018993046
7640168934583
4015100336184
4627153094906
4620739974883
9000101409581
9000101401516
8714100726624
9000101309645
3600523931613
4630008887165
4610012550347
4627137102825
9000101405446
4604049104628
4601364060943
5900717200647
