400580890918
560298010059
2100100062880
4603739679682
467008494871
2000458016552
290005430602
3713720411151
3660005074443
9339238000461
5900527024210
501141756708
4680008147813
290013268242
8694068180747
4620018870134
4607013677845
4607017946428
8718951416284
8682214703384
4600905003043
4606224236599
2010001959410
8691685022177
2100100204235
8691226606897
8692900444019
4605319016573
8695077010018
2010001606482
4620020873277
8690637938320
4627197810272
2010001959410
5000204115284
8690504209799
8690637895210
3474636977048
